Size: 1200
ntypes: 3
type_range:
w:
0.010000, 0.010000, 0.010000, 
0.010000, 0.010000, 0.010000, 
0.010000, 0.100000, 0.100000, 
taur, taud
0.300000, 1.000000
0.300000, 1.000000
0.300000, 1.000000
t_lag: 0.000000
nu_pos_mu: 2000.000000
nu_pos_sd: 100.000000
w_pos_mu: 0.002000
w_pos_sd: 0.000200
mean indegree:
8.000000, 8.000000, 8.000000, 
20.000000, 20.000000, 20.000000, 
20.000000, 20.000000, 20.000000, 
connection prob (out):
0.010000, 0.010000, 0.010000, 
0.100000, 0.100000, 0.100000, 
0.100000, 0.100000, 0.100000, 
