pre,0,80,post,0,100,
24:13,77,44,30,63,42,8,48,25,12,55,65,66,87,92,84,88,99,91,85,94,97,89,82,
19:17,54,9,40,0,20,2,15,41,11,64,23,85,84,90,86,88,82,87,
17:35,9,73,76,43,59,29,95,89,83,96,81,86,92,91,93,90,
20:55,21,47,17,6,10,13,19,24,46,26,88,82,89,97,90,91,81,93,96,
24:43,15,68,24,32,9,13,39,35,29,31,45,41,5,10,70,94,99,92,85,89,96,95,91,
16:40,3,38,42,72,77,75,92,81,95,90,88,80,96,82,83,
19:74,24,23,58,22,63,33,40,86,93,96,89,88,81,80,82,85,98,94,
27:36,72,43,30,33,1,74,5,54,78,52,32,42,28,55,35,20,81,92,87,98,91,83,82,96,85,86,
15:34,24,32,62,79,39,82,92,88,97,81,95,90,87,91,
20:66,46,6,34,10,54,47,20,29,52,95,90,91,83,94,99,86,87,88,92,
22:75,32,49,1,39,56,58,51,5,53,9,23,41,57,42,99,91,96,93,90,89,87,
17:78,65,28,62,46,6,43,33,93,97,88,86,82,92,83,98,87,
21:76,57,74,42,75,11,13,51,31,34,85,83,91,96,84,89,86,93,90,88,95,
16:24,11,29,66,3,68,23,20,10,88,92,94,99,97,93,91,
15:11,40,0,10,18,77,21,98,94,84,85,86,90,96,95,
17:4,61,3,32,77,19,2,28,42,97,98,92,99,94,91,96,93,
17:22,72,77,46,2,20,56,10,60,89,84,95,96,90,80,88,87,
24:42,54,22,8,61,6,30,75,25,66,27,52,83,94,95,91,92,89,85,90,93,97,99,84,
24:4,47,44,27,13,8,15,26,70,20,79,51,75,97,90,92,95,81,98,87,99,93,84,82,
22:9,0,32,25,60,77,55,14,2,3,23,67,86,98,81,99,95,91,88,85,80,94,
22:73,45,31,65,20,63,76,14,12,41,36,67,25,86,98,80,99,97,88,84,85,87,
16:11,78,35,39,14,5,67,43,63,94,95,98,83,91,80,89,
23:78,17,30,48,29,61,10,6,14,59,40,53,70,79,85,84,82,96,83,81,87,94,80,
22:42,58,75,22,44,0,62,69,19,72,29,46,30,94,95,97,99,89,83,93,84,96,
19:17,60,29,78,34,12,43,8,84,85,99,92,91,94,90,80,88,87,93,
18:42,47,74,20,61,73,1,79,29,83,87,89,95,85,91,98,94,92,
17:9,20,17,26,42,66,50,90,87,94,95,83,86,88,99,89,93,
18:2,29,23,19,36,96,81,88,98,84,80,91,87,99,82,85,92,95,
18:28,11,16,31,40,1,10,42,91,84,85,98,90,82,96,97,87,83,
20:22,2,31,64,19,20,38,36,88,83,99,93,92,82,87,94,81,95,96,84,
23:8,37,64,32,77,9,41,71,12,16,35,50,90,97,93,84,92,81,89,87,91,98,95,
18:30,44,67,61,68,26,99,80,95,93,87,98,86,82,92,97,94,84,
20:29,46,55,33,48,30,28,20,47,89,85,88,83,90,99,91,96,92,80,86,
22:38,56,37,34,60,1,64,25,30,11,53,78,85,82,84,96,93,87,81,92,80,91,
21:65,51,6,44,57,72,61,45,38,67,74,81,86,87,83,96,98,95,84,99,90,
11:41,77,52,98,95,97,86,93,90,80,88,
20:3,59,51,76,1,56,36,47,81,91,98,94,84,86,95,87,97,92,93,90,
19:57,70,30,12,21,74,38,86,97,81,90,94,92,83,82,96,98,99,93,
19:29,67,72,10,46,54,77,63,76,71,80,92,85,94,87,98,93,90,89,
20:2,26,36,27,77,17,31,21,92,87,93,81,98,96,85,84,86,90,95,94,
18:3,70,19,2,34,66,40,52,94,84,92,85,82,93,99,91,96,90,
22:75,5,76,4,61,25,72,8,28,46,38,62,85,97,94,98,93,88,86,81,80,92,
21:31,58,55,21,71,28,32,35,91,80,97,86,90,96,87,81,93,88,83,94,95,
20:73,12,63,34,50,23,52,30,16,93,99,80,96,97,86,82,84,91,95,98,
22:52,22,59,30,72,5,3,56,13,87,98,84,85,86,90,81,93,88,80,99,94,97,
16:24,52,64,17,40,20,7,48,12,22,94,82,83,80,84,85,
30:54,73,48,35,34,74,14,66,26,56,71,51,6,64,24,0,60,37,19,98,82,97,80,85,96,84,95,92,89,94,
21:54,21,9,55,78,12,69,59,53,26,8,2,82,85,86,87,88,97,93,96,89,
14:58,67,46,40,90,94,83,85,84,91,95,86,98,80,
21:29,34,2,71,55,28,21,52,51,5,33,72,41,81,89,88,86,90,84,93,94,
22:42,78,68,22,34,24,19,66,36,49,30,77,84,89,91,81,80,94,83,99,93,98,
14:34,48,29,40,9,69,27,82,91,87,84,83,88,85,
19:32,15,54,70,22,16,20,87,93,80,98,95,83,92,97,90,96,85,88,
20:44,36,18,63,56,49,13,59,45,84,91,99,93,95,83,94,90,96,92,88,
13:57,64,25,54,82,88,81,94,98,89,99,95,83,
28:19,54,22,2,60,30,40,31,51,27,25,29,32,50,36,37,9,33,97,98,91,86,99,93,95,89,84,90,
21:72,74,78,21,66,35,32,70,17,67,16,98,97,92,81,85,80,84,89,99,91,
23:17,48,37,38,19,60,40,24,64,30,67,87,80,95,85,98,91,88,81,93,86,92,94,
17:35,17,5,36,47,10,12,75,96,97,98,86,81,89,85,82,92,
15:32,65,2,13,36,19,39,71,75,98,80,82,99,87,93,
23:43,60,67,56,77,21,39,33,0,23,44,34,73,96,93,89,87,85,90,99,82,88,97,
17:32,23,51,75,28,21,12,10,37,89,83,80,84,92,91,96,99,
23:71,60,34,42,51,10,0,48,17,93,90,83,88,89,96,91,95,86,99,97,84,81,94,
22:58,70,55,13,67,18,26,52,17,71,66,94,89,91,96,85,84,97,82,99,81,88,
20:72,21,50,73,18,57,59,56,64,86,93,96,85,87,82,90,97,81,99,91,
20:35,3,54,73,26,5,71,69,30,25,45,68,88,83,94,90,91,85,86,98,
20:54,29,20,2,36,15,3,48,5,93,82,83,81,96,86,89,80,88,98,91,
21:76,1,48,43,58,6,38,16,53,68,95,88,86,92,85,96,82,81,90,97,87,
19:41,31,1,39,76,78,8,83,89,86,94,99,88,87,84,96,92,81,98,
21:4,72,50,29,40,52,31,17,38,45,3,8,91,85,93,89,96,99,80,88,86,
20:13,18,38,55,70,64,44,76,32,98,99,82,80,85,94,92,88,89,84,95,
28:20,28,30,9,14,55,31,39,5,12,42,72,51,1,23,40,88,80,81,86,83,89,85,90,98,94,96,97,
19:7,29,23,30,73,6,57,79,16,61,28,89,80,81,95,92,91,87,88,
19:10,79,72,23,7,19,31,8,2,80,99,91,87,96,82,95,93,81,90,
14:16,4,59,34,14,42,58,43,79,84,89,85,96,92,
21:37,18,77,79,31,69,13,51,64,59,93,99,84,88,91,95,90,83,87,89,86,
22:64,53,11,34,41,25,31,82,94,87,81,95,99,96,80,89,86,93,85,84,98,97,
24:4,49,53,18,35,8,38,21,66,46,19,13,91,98,95,90,82,86,89,87,80,92,83,84,
18:59,79,7,16,34,29,30,32,52,91,96,92,84,99,85,93,80,81,
30:56,59,50,29,43,13,15,70,4,12,38,77,76,66,74,36,92,98,85,80,90,87,82,86,95,91,89,94,99,97,
0:
0:
0:
0:
0:
0:
0:
0:
0:
0:
0:
0:
0:
0:
0:
0:
0:
0:
0:
0:
