pre,80,100,post,0,100,
0:
0:
0:
0:
0:
0:
0:
0:
0:
0:
0:
0:
0:
0:
0:
0:
0:
0:
0:
0:
0:
0:
0:
0:
0:
0:
0:
0:
0:
0:
0:
0:
0:
0:
0:
0:
0:
0:
0:
0:
0:
0:
0:
0:
0:
0:
0:
0:
0:
0:
0:
0:
0:
0:
0:
0:
0:
0:
0:
0:
0:
0:
0:
0:
0:
0:
0:
0:
0:
0:
0:
0:
0:
0:
0:
0:
0:
0:
0:
0:
19:29,0,25,8,21,73,27,59,75,3,61,92,90,91,87,80,81,96,85,
22:29,53,63,40,20,68,54,33,69,48,9,16,94,85,86,90,97,98,99,80,82,83,
23:61,48,66,37,5,74,34,14,17,9,20,63,84,92,98,90,96,88,81,89,95,91,83,
21:14,19,12,71,1,23,6,55,8,87,82,84,94,83,92,89,96,99,88,85,95,
18:49,32,25,10,64,45,3,67,21,17,89,98,82,99,91,85,88,90,
22:6,28,49,12,65,46,34,26,20,95,84,89,88,94,98,86,99,81,87,83,90,80,
11:67,72,61,77,66,9,76,80,97,81,86,
21:40,18,62,22,67,71,49,19,31,76,84,94,91,87,80,96,90,83,99,95,81,
21:49,71,9,64,31,40,77,60,33,41,79,61,28,47,84,91,97,92,98,81,82,
20:77,21,47,6,57,1,74,45,93,90,87,84,92,80,86,96,98,85,94,95,
18:64,71,30,44,79,42,83,95,88,92,96,87,91,86,81,82,93,99,
16:31,32,42,39,4,50,79,99,84,95,93,98,89,86,91,82,
25:32,66,21,60,74,45,42,52,53,34,0,1,89,85,81,93,98,97,88,92,82,94,95,84,87,
21:52,38,53,32,42,11,70,3,4,50,45,84,92,85,94,91,97,83,95,90,87,
16:15,59,5,56,9,90,84,82,81,87,88,89,94,85,96,91,
22:41,20,68,77,59,26,11,5,45,61,66,16,55,96,87,82,99,81,85,90,98,94,
18:44,40,49,79,21,31,42,91,85,97,96,80,92,93,82,99,98,95,
21:24,20,36,18,60,45,62,65,19,98,82,86,81,94,85,83,88,89,95,90,91,
19:25,58,20,43,38,14,73,79,46,63,68,94,97,98,96,81,80,83,92,
26:12,23,72,45,71,3,75,15,0,35,73,11,70,27,59,10,9,83,91,98,92,86,96,97,85,89,
